1.000000 0.000022 0.000710 -0.001468 -0.000022 1.000000 0.000274 -0.153786 -0.000710 -0.000274 1.000000 0.001312
1.000000 -0.000108 -0.000672 -0.005979 0.000109 1.000000 0.000605 -0.504554 0.000672 -0.000605 1.000000 -0.033677
0.999993 -0.000365 -0.003792 -0.013763 0.000368 1.000000 0.000746 -1.085757 0.003791 -0.000748 0.999993 -0.021466
0.999987 -0.000806 -0.004972 -0.024414 0.000809 0.999999 0.000600 -1.912544 0.004971 -0.000604 0.999987 -0.018109
0.999984 -0.001371 -0.005428 -0.036600 0.001374 0.999999 0.000446 -2.836389 0.005427 -0.000454 0.999985 -0.004067
0.999985 -0.003929 -0.003771 -0.069422 0.003918 0.999987 -0.003107 -4.814212 0.003783 0.003092 0.999988 0.052638
0.999950 -0.009935 0.000543 -0.086664 0.009940 0.999913 -0.008618 -5.946787 -0.000457 0.008623 0.999963 0.059352
0.999941 -0.010528 0.002764 -0.091604 0.010551 0.999910 -0.008287 -6.877369 -0.002676 0.008316 0.999962 0.070088
0.999930 -0.010201 0.005927 -0.136539 0.010214 0.999945 -0.002164 -7.853784 -0.005905 0.002224 0.999980 0.091661
0.999949 -0.009377 0.003620 -0.155150 0.009388 0.999951 -0.003217 -8.800735 -0.003590 0.003251 0.999988 0.105175
0.999932 -0.009606 0.006616 -0.167208 0.009627 0.999949 -0.003054 -9.743990 -0.006586 0.003117 0.999973 0.125460
0.999914 -0.009240 0.009360 -0.188170 0.009278 0.999949 -0.004070 -10.686874 -0.009321 0.004157 0.999948 0.148725
0.999912 -0.009080 0.009626 -0.201757 0.009165 0.999918 -0.008912 -11.559412 -0.009544 0.008999 0.999914 0.156212
0.999883 -0.010672 0.010978 -0.211820 0.010771 0.999902 -0.008989 -12.481594 -0.010881 0.009106 0.999899 0.185607
0.999891 -0.012947 0.007085 -0.223761 0.013013 0.999871 -0.009439 -13.360814 -0.006962 0.009530 0.999930 0.203125
0.999894 -0.012556 0.007319 -0.244390 0.012602 0.999901 -0.006265 -14.257942 -0.007240 0.006357 0.999954 0.214248
0.999873 -0.013841 0.007944 -0.257969 0.013890 0.999884 -0.006206 -15.167127 -0.007858 0.006316 0.999949 0.229193
0.999841 -0.014887 0.009851 -0.271610 0.014947 0.999870 -0.006075 -16.070542 -0.009759 0.006221 0.999933 0.243077
0.999815 -0.013673 0.013544 -0.287099 0.013730 0.999897 -0.004155 -16.918653 -0.013486 0.004340 0.999900 0.286547
0.999817 -0.009560 0.016591 -0.304792 0.009627 0.999946 -0.003930 -17.820218 -0.016553 0.004089 0.999855 0.325572
0.999783 -0.010010 0.018248 -0.322464 0.010088 0.999940 -0.004156 -18.715138 -0.018205 0.004339 0.999825 0.352701
0.999745 -0.010364 0.020077 -0.339904 0.010455 0.999935 -0.004443 -19.594372 -0.020029 0.004652 0.999789 0.370497
0.999759 -0.010000 0.019521 -0.348266 0.010126 0.999929 -0.006334 -20.457204 -0.019456 0.006530 0.999789 0.393468
0.999745 -0.009442 0.020525 -0.365216 0.009583 0.999931 -0.006785 -21.318275 -0.020460 0.006980 0.999766 0.428763
0.999726 -0.009648 0.021344 -0.381263 0.009799 0.999927 -0.007022 -22.179331 -0.021275 0.007229 0.999748 0.452854
0.999729 -0.009826 0.021099 -0.397062 0.009982 0.999924 -0.007293 -23.055123 -0.021025 0.007501 0.999751 0.473478
0.999714 -0.009563 0.021921 -0.407262 0.009722 0.999927 -0.007129 -23.895191 -0.021851 0.007341 0.999734 0.517838
0.999717 -0.009710 0.021735 -0.422940 0.009870 0.999925 -0.007290 -24.744606 -0.021662 0.007502 0.999737 0.538941
0.999659 -0.009252 0.024407 -0.427425 0.009528 0.999892 -0.011217 -25.571616 -0.024301 0.011445 0.999639 0.587590
0.999646 -0.009300 0.024912 -0.439764 0.009577 0.999893 -0.011019 -26.380676 -0.024807 0.011254 0.999629 0.613565
0.999623 -0.008900 0.025962 -0.446079 0.009197 0.999893 -0.011333 -27.170716 -0.025858 0.011567 0.999599 0.658403
0.999623 -0.007195 0.026483 -0.462042 0.007405 0.999942 -0.007865 -27.957332 -0.026425 0.008058 0.999618 0.700146
0.999590 -0.007137 0.027719 -0.477136 0.007347 0.999945 -0.007489 -28.739910 -0.027664 0.007689 0.999588 0.723841
0.999551 -0.007003 0.029148 -0.492814 0.007211 0.999949 -0.007051 -29.528460 -0.029097 0.007258 0.999550 0.757843
0.999464 -0.006162 0.032166 -0.506328 0.006379 0.999957 -0.006659 -30.322140 -0.032123 0.006861 0.999460 0.809343
0.999427 -0.005727 0.033352 -0.523750 0.005949 0.999961 -0.006556 -31.064468 -0.033313 0.006751 0.999422 0.856506
0.999354 -0.004569 0.035654 -0.538440 0.004820 0.999964 -0.006954 -31.761202 -0.035621 0.007122 0.999340 0.893028
0.999292 -0.004034 0.037400 -0.556148 0.004304 0.999965 -0.007122 -32.493530 -0.037370 0.007278 0.999275 0.930508
0.999158 -0.004835 0.040752 -0.551897 0.005269 0.999930 -0.010560 -33.246479 -0.040699 0.010766 0.999113 0.951981
0.999079 -0.003957 0.042734 -0.567949 0.004422 0.999932 -0.010802 -33.970122 -0.042688 0.010981 0.999028 0.988833
0.998996 -0.002718 0.044713 -0.571514 0.003289 0.999914 -0.012710 -34.676821 -0.044674 0.012844 0.998919 1.057675
0.998933 -0.001685 0.046152 -0.586507 0.002284 0.999914 -0.012933 -35.377406 -0.046126 0.013025 0.998851 1.114901
0.998987 0.001615 0.044964 -0.591565 -0.001095 0.999932 -0.011577 -36.055608 -0.044979 0.011516 0.998922 1.153769
0.999024 0.002695 0.044090 -0.607668 -0.002177 0.999928 -0.011804 -36.729594 -0.044118 0.011697 0.998958 1.199768
0.999028 0.004137 0.043890 -0.604101 -0.003516 0.999893 -0.014198 -37.408292 -0.043944 0.014029 0.998935 1.239075
0.999044 0.005480 0.043369 -0.618878 -0.004867 0.999887 -0.014211 -38.056251 -0.043442 0.013987 0.998958 1.269200
0.998986 0.009490 0.044007 -0.622229 -0.008921 0.999874 -0.013098 -38.705143 -0.044125 0.012692 0.998945 1.310991
0.998989 0.010901 0.043610 -0.637607 -0.010337 0.999860 -0.013144 -39.362089 -0.043747 0.012680 0.998962 1.344023
0.999143 0.012435 0.039478 -0.644525 -0.012101 0.999889 -0.008683 -40.005609 -0.039582 0.008198 0.999183 1.376609
0.999167 0.014289 0.038233 -0.662197 -0.013956 0.999863 -0.008949 -40.643660 -0.038356 0.008408 0.999229 1.441885
0.999392 0.018739 0.029419 -0.658505 -0.018398 0.999761 -0.011820 -41.218031 -0.029633 0.011272 0.999497 1.493558
0.999470 0.020895 0.024961 -0.674896 -0.020601 0.999716 -0.011968 -41.826596 -0.025204 0.011447 0.999617 1.533575
0.999446 0.028988 0.016363 -0.668259 -0.028723 0.999456 -0.016222 -42.372012 -0.016824 0.015743 0.999735 1.547011
0.999443 0.031534 0.010923 -0.682993 -0.031353 0.999374 -0.016376 -42.931656 -0.011433 0.016025 0.999806 1.558118
0.999326 0.036658 0.002178 -0.676517 -0.036611 0.999156 -0.018644 -43.449914 -0.002859 0.018552 0.999824 1.562417
0.999218 0.039293 -0.004378 -0.689844 -0.039368 0.999051 -0.018623 -43.965331 0.003643 0.018780 0.999817 1.578336
0.998891 0.045395 -0.012528 -0.688277 -0.045634 0.998768 -0.019519 -44.442734 0.011627 0.020069 0.999731 1.598034
0.998671 0.048231 -0.018154 -0.700044 -0.048581 0.998632 -0.019340 -44.920916 0.017197 0.020196 0.999648 1.618623
0.998251 0.052727 -0.026719 -0.699139 -0.053245 0.998399 -0.019075 -45.344411 0.025670 0.020464 0.999461 1.596247
0.997872 0.055429 -0.034335 -0.711415 -0.056088 0.998254 -0.018532 -45.767457 0.033248 0.020419 0.999239 1.606695
0.997246 0.058275 -0.045883 -0.718624 -0.058947 0.998171 -0.013437 -46.157535 0.045016 0.016104 0.998856 1.574619
0.996726 0.060792 -0.053305 -0.733338 -0.061560 0.998020 -0.012884 -46.532568 0.052416 0.016123 0.998495 1.566078
0.996563 0.058116 -0.059040 -0.726962 -0.059044 0.998156 -0.014092 -46.898725 0.058112 0.017529 0.998156 1.552941
0.996014 0.060798 -0.065259 -0.739791 -0.061809 0.997995 -0.013589 -47.242827 0.064302 0.017568 0.997776 1.554939
0.995044 0.062244 -0.077542 -0.735704 -0.063569 0.997868 -0.014746 -47.553252 0.076459 0.019602 0.996880 1.534248
0.994126 0.064744 -0.086728 -0.750211 -0.066200 0.997708 -0.014006 -47.847464 0.085623 0.019665 0.996134 1.511493
0.993323 0.067081 -0.093858 -0.763052 -0.068627 0.997553 -0.013334 -48.115653 0.092733 0.019687 0.995496 1.504785
0.991996 0.072261 -0.103551 -0.759199 -0.074030 0.997167 -0.013330 -48.302968 0.102295 0.020890 0.994535 1.472146
0.990979 0.074327 -0.111515 -0.771671 -0.076146 0.997023 -0.012135 -48.531401 0.110281 0.020517 0.993689 1.466226
0.989490 0.069164 -0.126990 -0.778151 -0.071088 0.997413 -0.010679 -48.770378 0.125923 0.019594 0.991847 1.408415
0.987394 0.071138 -0.141395 -0.791733 -0.073118 0.997284 -0.008852 -49.027044 0.140381 0.019079 0.989914 1.397564
0.983532 0.068215 -0.167368 -0.803575 -0.069383 0.997589 -0.001137 -49.329874 0.166887 0.012730 0.985894 1.298632
0.979871 0.068545 -0.187493 -0.800397 -0.069559 0.997577 0.001173 -49.588061 0.187119 0.011892 0.982265 1.242437
0.976664 0.070155 -0.202994 -0.815489 -0.071017 0.997470 0.003040 -49.821677 0.202694 0.011447 0.979175 1.225675
0.971676 0.067521 -0.226465 -0.821241 -0.068394 0.997650 0.003997 -50.043559 0.226202 0.011605 0.974011 1.157203
0.967200 0.069067 -0.244445 -0.838726 -0.069695 0.997550 0.006091 -50.249171 0.244267 0.011146 0.969644 1.106892
0.960302 0.065874 -0.271074 -0.846471 -0.066654 0.997756 0.006337 -50.507613 0.270883 0.011983 0.962538 0.983468
0.953637 0.067398 -0.293316 -0.864933 -0.067818 0.997659 0.008750 -50.735854 0.293219 0.011548 0.955976 0.921804
0.943355 0.068042 -0.324734 -0.866620 -0.068111 0.997615 0.011168 -51.049279 0.324719 0.011583 0.945739 0.807765
0.934002 0.069655 -0.350412 -0.887810 -0.069197 0.997507 0.013845 -51.296947 0.350503 0.011316 0.936493 0.716614
0.923016 0.070764 -0.378197 -0.896208 -0.070874 0.997392 0.013647 -51.556027 0.378177 0.014208 0.925624 0.604223
0.912012 0.072182 -0.403763 -0.917896 -0.071686 0.997293 0.016367 -51.797155 0.403852 0.014017 0.914717 0.496298
0.899208 0.073380 -0.431325 -0.940204 -0.072112 0.997209 0.019317 -52.042472 0.431539 0.013733 0.901990 0.387018
0.881529 0.073085 -0.466439 -0.951805 -0.072097 0.997197 0.019991 -52.260872 0.466593 0.016006 0.884327 0.230212
0.864922 0.074259 -0.496383 -0.976076 -0.072151 0.997118 0.023449 -52.490370 0.496694 0.015532 0.867787 0.091857
0.841373 0.068204 -0.536135 -1.003129 -0.064628 0.997584 0.025483 -52.707018 0.536577 0.013208 0.843748 -0.110312
0.818960 0.069579 -0.569616 -1.029964 -0.064367 0.997496 0.029302 -52.936909 0.570229 0.012667 0.821388 -0.285349
0.787041 0.068372 -0.613100 -1.048305 -0.059227 0.997623 0.035224 -53.188080 0.614051 0.008590 0.789219 -0.510294
0.758854 0.070082 -0.647479 -1.078077 -0.058731 0.997506 0.039135 -53.429752 0.648607 0.008329 0.761078 -0.722185
0.727753 0.071795 -0.682071 -1.109445 -0.057986 0.997386 0.043116 -53.659040 0.683384 0.008173 0.730014 -0.954971
0.686154 0.073962 -0.723686 -1.130548 -0.056342 0.997233 0.048499 -53.914835 0.725271 0.007496 0.688423 -1.287824
0.647713 0.075437 -0.758140 -1.168200 -0.054721 0.997122 0.052466 -54.134824 0.759917 0.007504 0.649977 -1.594816
0.606258 0.076869 -0.791544 -1.206134 -0.052803 0.997012 0.056380 -54.346255 0.793513 0.007616 0.608506 -1.911632
0.562032 0.078261 -0.823405 -1.243532 -0.050520 0.996903 0.060267 -54.565040 0.825572 0.007726 0.564245 -2.227400
0.507155 0.077525 -0.858361 -1.249697 -0.053154 0.996864 0.058629 -54.797132 0.860214 0.015892 0.509685 -2.661030
0.457264 0.078633 -0.885848 -1.290406 -0.050479 0.996772 0.062422 -54.999863 0.887897 0.016174 0.459757 -3.056852
0.406285 0.079566 -0.910276 -1.331572 -0.047654 0.996691 0.065851 -55.185039 0.912503 0.016624 0.408732 -3.464329
0.350698 0.069303 -0.933921 -1.338435 -0.040347 0.997450 0.058866 -55.378206 0.935619 0.017037 0.352600 -3.965278
0.299033 0.070124 -0.951663 -1.376694 -0.038063 0.997379 0.061532 -55.511902 0.953483 0.017823 0.300918 -4.416275
0.248347 0.070690 -0.966088 -1.415571 -0.035322 0.997331 0.063896 -55.617670 0.968027 0.018256 0.250182 -4.876322
0.206128 0.064188 -0.976418 -1.434077 -0.036041 0.997667 0.057977 -55.674794 0.977861 0.023241 0.207960 -5.408842
0.163270 0.064309 -0.984483 -1.474126 -0.033175 0.997667 0.059668 -55.726568 0.986024 0.022918 0.165022 -5.942142
0.122331 0.064571 -0.990387 -1.511774 -0.030322 0.997659 0.061299 -55.786933 0.992026 0.022531 0.124002 -6.465544
0.083125 0.064909 -0.994423 -1.548553 -0.027248 0.997651 0.062842 -55.828812 0.996167 0.021872 0.084699 -6.976660
0.055588 0.052879 -0.997053 -1.538390 -0.010295 0.998574 0.052386 -55.859821 0.998401 0.007353 0.056053 -7.632577
0.021046 0.053190 -0.998363 -1.570039 -0.007383 0.998565 0.053045 -55.861197 0.999751 0.006254 0.021408 -8.154881
-0.007704 0.053478 -0.998539 -1.601064 -0.004620 0.998556 0.053515 -55.872825 0.999960 0.005026 -0.007446 -8.677063
-0.025871 0.053754 -0.998219 -1.634201 -0.002502 0.998547 0.053836 -55.866459 0.999662 0.003891 -0.025698 -9.237891
-0.041153 0.054068 -0.997689 -1.667227 -0.000651 0.998533 0.054141 -55.842212 0.999153 0.002877 -0.041057 -9.791533
-0.035802 0.051835 -0.998014 -1.692208 0.020047 0.998490 0.051140 -55.834850 0.999158 -0.018176 -0.036787 -10.420903
-0.046723 0.052336 -0.997536 -1.724439 0.021721 0.998444 0.051366 -55.802785 0.998672 -0.019267 -0.047787 -10.992756
-0.057321 0.052956 -0.996950 -1.757146 0.023506 0.998387 0.051680 -55.781039 0.998079 -0.020472 -0.058473 -11.569058
-0.062233 0.053584 -0.996622 -1.792467 0.024866 0.998331 0.052123 -55.741020 0.997752 -0.021538 -0.063462 -12.196794
-0.043721 0.052065 -0.997686 -1.817318 0.031118 0.998227 0.050730 -55.775017 0.998559 -0.028828 -0.045264 -13.029022
-0.046808 0.052217 -0.997538 -1.852884 0.031966 0.998200 0.050752 -55.763446 0.998392 -0.029512 -0.048393 -13.671732
-0.047450 0.052098 -0.997514 -1.888439 0.032660 0.998186 0.050580 -55.733119 0.998340 -0.030178 -0.049065 -14.318479
-0.041337 0.054734 -0.997645 -1.929668 0.037230 0.997889 0.053205 -55.713877 0.998451 -0.034943 -0.043288 -15.108893
-0.041625 0.054599 -0.997640 -1.969411 0.038126 0.997865 0.053020 -55.682807 0.998406 -0.035829 -0.043618 -15.789362
-0.041444 0.054902 -0.997631 -2.009580 0.038983 0.997818 0.053293 -55.659035 0.998380 -0.036682 -0.043494 -16.477300
-0.039812 0.037457 -0.998505 -1.994631 0.035608 0.998716 0.036045 -55.661570 0.998573 -0.034120 -0.041094 -17.334431
-0.040132 0.038339 -0.998459 -2.022039 0.036434 0.998655 0.036882 -55.638277 0.998530 -0.034898 -0.041474 -18.019569
-0.038019 0.047870 -0.998130 -2.078083 0.040383 0.998110 0.046330 -55.620544 0.998461 -0.038546 -0.039880 -18.744835
-0.035035 0.048252 -0.998221 -2.114102 0.040873 0.998067 0.046810 -55.598431 0.998550 -0.039160 -0.036939 -19.457029
-0.032631 0.048695 -0.998281 -2.150590 0.041224 0.998028 0.047335 -55.575953 0.998617 -0.039609 -0.034574 -20.166846
-0.025741 0.056747 -0.998057 -2.207956 0.040482 0.997628 0.055678 -55.577567 0.998849 -0.038971 -0.027977 -20.925063
-0.024195 0.057649 -0.998044 -2.251046 0.041235 0.997544 0.056621 -55.558877 0.998857 -0.039784 -0.026512 -21.623619
-0.020003 0.048905 -0.998603 -2.274698 0.044712 0.997847 0.047973 -55.565797 0.998800 -0.043690 -0.022147 -22.446071
-0.017765 0.049736 -0.998604 -2.314822 0.044790 0.997799 0.048899 -55.583258 0.998838 -0.043859 -0.019954 -23.182849
-0.015121 0.050522 -0.998608 -2.355021 0.045018 0.997744 0.049797 -55.580401 0.998872 -0.044202 -0.017361 -23.918736
-0.010726 0.055707 -0.998390 -2.407041 0.040470 0.997653 0.055231 -55.589526 0.999123 -0.039812 -0.012955 -24.690442
-0.008977 0.056759 -0.998348 -2.451808 0.040888 0.997574 0.056347 -55.587482 0.999123 -0.040315 -0.011276 -25.413415
-0.006409 0.057852 -0.998305 -2.497531 0.040970 0.997502 0.057542 -55.591447 0.999140 -0.040531 -0.008763 -26.137630
0.000360 0.049643 -0.998767 -2.510118 0.040336 0.997953 0.049617 -55.616553 0.999186 -0.040304 -0.001643 -26.892195
0.003534 0.050551 -0.998715 -2.551977 0.040495 0.997895 0.050652 -55.637897 0.999174 -0.040622 0.001480 -27.627061
0.005764 0.051529 -0.998655 -2.593725 0.040968 0.997821 0.051722 -55.658090 0.999144 -0.041211 0.003641 -28.342958
0.011143 0.053930 -0.998482 -2.656488 0.039605 0.997737 0.054332 -55.676316 0.999153 -0.040150 0.008981 -29.105880
0.013664 0.054990 -0.998393 -2.701778 0.040014 0.997657 0.055497 -55.684014 0.999106 -0.040708 0.011431 -29.839751
0.017493 0.051681 -0.998510 -2.741805 0.048923 0.997423 0.052482 -55.671942 0.998649 -0.049768 0.014919 -30.611245
0.019408 0.052763 -0.998418 -2.786291 0.049452 0.997334 0.053667 -55.690296 0.998588 -0.050416 0.016747 -31.346127
0.023947 0.052538 -0.998332 -2.829739 0.051958 0.997203 0.053725 -55.694963 0.998362 -0.053158 0.021150 -32.084705
0.026290 0.053740 -0.998209 -2.875571 0.052157 0.997120 0.055055 -55.728691 0.998293 -0.053511 0.023411 -32.820701
0.026655 0.054960 -0.998133 -2.922074 0.052500 0.997033 0.056301 -55.752691 0.998265 -0.053902 0.023690 -33.556594
0.031249 0.051555 -0.998181 -2.958403 0.055930 0.997014 0.053245 -55.809371 0.997946 -0.057492 0.028272 -34.318773
0.031943 0.052752 -0.998097 -3.004008 0.055959 0.996946 0.054482 -55.846948 0.997922 -0.057592 0.028893 -35.051529
0.035418 0.053941 -0.997916 -3.052842 0.055670 0.996885 0.055861 -55.884742 0.997821 -0.057532 0.032305 -35.823650
0.040262 0.051640 -0.997854 -3.086041 0.048978 0.997361 0.053591 -55.979814 0.997988 -0.051031 0.037626 -36.633019
0.041488 0.053078 -0.997728 -3.133096 0.048711 0.997293 0.055080 -56.033996 0.997951 -0.050886 0.038790 -37.373800
0.046210 0.053086 -0.997520 -3.176623 0.044469 0.997488 0.055144 -56.084358 0.997941 -0.046907 0.043734 -38.127867
0.049512 0.054737 -0.997272 -3.225170 0.043783 0.997418 0.056919 -56.127989 0.997813 -0.046481 0.046988 -38.886906
0.055967 0.058772 -0.996701 -3.280572 0.040499 0.997311 0.061082 -56.184026 0.997611 -0.043784 0.053436 -39.684767
0.058155 0.060434 -0.996477 -3.334384 0.039778 0.997233 0.062801 -56.227815 0.997515 -0.043290 0.055590 -40.461544
0.060250 0.062741 -0.996210 -3.385354 0.033901 0.997318 0.064861 -56.290839 0.997608 -0.037681 0.057961 -41.252782
0.063079 0.064405 -0.995928 -3.442688 0.032866 0.997240 0.066571 -56.345646 0.997467 -0.036931 0.060788 -42.029298
0.066658 0.062368 -0.995825 -3.483433 0.031606 0.997412 0.064583 -56.425869 0.997275 -0.035779 0.064514 -42.790333
0.069162 0.063906 -0.995556 -3.541956 0.030658 0.997339 0.066150 -56.495618 0.997134 -0.035097 0.067019 -43.581434
0.074458 0.064349 -0.995146 -3.594668 0.026742 0.997428 0.066497 -56.561492 0.996866 -0.031564 0.072546 -44.380334
0.079041 0.066652 -0.994641 -3.656184 0.025365 0.997305 0.068846 -56.626804 0.996549 -0.030671 0.077137 -45.199355
0.086008 0.069041 -0.993899 -3.717619 0.023679 0.997173 0.071317 -56.700705 0.996013 -0.029668 0.084130 -45.985114
0.096138 0.065564 -0.993206 -3.762945 0.024221 0.997379 0.068184 -56.800595 0.995073 -0.030612 0.094298 -46.790902
0.104611 0.067799 -0.992199 -3.824887 0.022182 0.997266 0.070484 -56.918145 0.994266 -0.029382 0.102821 -47.587458
0.113883 0.069815 -0.991038 -3.889031 0.020089 0.997162 0.072555 -57.020116 0.993291 -0.028171 0.112157 -48.393689
0.127860 0.082731 -0.988336 -3.976573 0.010537 0.996345 0.084764 -57.204824 0.991736 -0.021252 0.126521 -49.190043
0.136178 0.084202 -0.987100 -4.052762 0.008390 0.996248 0.086140 -57.321232 0.990649 -0.020012 0.134961 -49.998722
0.140291 0.077689 -0.987058 -4.102513 0.006940 0.996815 0.079443 -57.415009 0.990086 -0.017995 0.139305 -50.834120
0.147440 0.078704 -0.985935 -4.173201 0.004978 0.996757 0.080312 -57.533910 0.989058 -0.016749 0.146570 -51.629159
0.154806 0.079733 -0.984722 -4.245592 0.003089 0.996694 0.081188 -57.667640 0.987940 -0.015611 0.154048 -52.429006
0.157972 0.068913 -0.985036 -4.276801 0.004291 0.997504 0.070474 -57.810555 0.987434 -0.015360 0.157282 -53.227749
0.162640 0.070486 -0.984165 -4.339666 0.002641 0.997410 0.071871 -57.965041 0.986682 -0.014288 0.162033 -53.999758
0.168173 0.072218 -0.983109 -4.402524 0.000898 0.997301 0.073414 -58.111476 0.985757 -0.013229 0.167654 -54.756123
0.174423 0.066954 -0.982392 -4.432286 0.004020 0.997629 0.068707 -58.313355 0.984663 -0.015933 0.173740 -55.533362
0.180278 0.068466 -0.981230 -4.491455 0.002508 0.997539 0.070065 -58.469579 0.983613 -0.015092 0.179662 -56.272184
0.184263 0.072690 -0.980185 -4.560191 0.002131 0.997230 0.074354 -58.611439 0.982875 -0.015789 0.183598 -57.006685
0.188883 0.073557 -0.979241 -4.622975 0.000823 0.997178 0.075063 -58.768081 0.981999 -0.014984 0.188289 -57.732305
0.190636 0.067644 -0.979327 -4.668932 0.002795 0.997582 0.069449 -58.906908 0.981657 -0.015977 0.189986 -58.483666
0.193287 0.068384 -0.978756 -4.728315 0.001502 0.997546 0.069993 -59.066080 0.981141 -0.014999 0.192710 -59.203144
0.196566 0.054489 -0.978975 -4.754009 0.003967 0.998402 0.056367 -59.215729 0.980483 -0.014964 0.196036 -59.932635
0.199892 0.050768 -0.978502 -4.799159 -0.000596 0.998663 0.051692 -59.382146 0.979818 -0.009749 0.199655 -60.631142
0.201368 0.052276 -0.978120 -4.843656 -0.002079 0.998595 0.052942 -59.542459 0.979513 -0.008628 0.201194 -61.315004
0.203601 0.053890 -0.977570 -4.888570 -0.003614 0.998519 0.054293 -59.685384 0.979047 -0.007521 0.203494 -61.987603
0.202789 0.059305 -0.977425 -4.945758 -0.007842 0.998231 0.058940 -59.842892 0.979191 -0.004287 0.202895 -62.713330
0.204351 0.060960 -0.976998 -4.993996 -0.009217 0.998135 0.060351 -60.000428 0.978854 -0.003328 0.204532 -63.376232
0.204465 0.069088 -0.976433 -5.057188 -0.010680 0.997604 0.068349 -60.151264 0.978816 -0.003547 0.204713 -64.034789
0.203863 0.070340 -0.976469 -5.114233 -0.011779 0.997520 0.069397 -60.291769 0.978929 -0.002646 0.204185 -64.715928
0.204452 0.069680 -0.976393 -5.157928 -0.011495 0.997565 0.068784 -60.453889 0.978809 -0.002840 0.204755 -65.382029
0.204767 0.070759 -0.976250 -5.213285 -0.012663 0.997492 0.069643 -60.598199 0.978729 -0.001899 0.205149 -66.033920
0.207500 0.063858 -0.976149 -5.247282 -0.010476 0.997955 0.063057 -60.770735 0.978179 -0.002858 0.207744 -66.660733
0.208624 0.065191 -0.975821 -5.297918 -0.011703 0.997871 0.064162 -60.926800 0.977926 -0.001966 0.208943 -67.301316
0.205774 0.062698 -0.976589 -5.339091 -0.010363 0.998029 0.061891 -61.067822 0.978545 -0.002615 0.206018 -67.907321
0.204342 0.064516 -0.976771 -5.386379 -0.011094 0.997914 0.063591 -61.197541 0.978837 -0.002158 0.204632 -68.505483
0.201083 0.066284 -0.977329 -5.434967 -0.011713 0.997799 0.065262 -61.329038 0.979504 -0.001676 0.201417 -69.109432
0.190752 0.068886 -0.979218 -5.475642 -0.011847 0.997624 0.067873 -61.404591 0.981567 -0.001346 0.191114 -69.588125
0.188144 0.070229 -0.979627 -5.523845 -0.012425 0.997531 0.069126 -61.525168 0.982063 -0.000834 0.188552 -70.148123
0.185687 0.071386 -0.980012 -5.572512 -0.012832 0.997449 0.070225 -61.635356 0.982525 -0.000464 0.186129 -70.695935
0.182592 0.065931 -0.980976 -5.595108 -0.007749 0.997815 0.065620 -61.722014 0.983158 -0.004380 0.182704 -71.243051
0.183751 0.059563 -0.981167 -5.636533 -0.002585 0.998188 0.060112 -61.824042 0.982970 -0.008509 0.183572 -71.812768
0.183660 0.060990 -0.981096 -5.678997 -0.002803 0.998102 0.061523 -61.926527 0.982986 -0.008549 0.183483 -72.350581
0.183369 0.062405 -0.981061 -5.722688 -0.003276 0.998016 0.062871 -62.029299 0.983039 -0.008315 0.183209 -72.887703
0.181133 0.064198 -0.981361 -5.766579 0.003657 0.997816 0.065949 -62.090954 0.983452 -0.015534 0.180503 -73.418314
0.181033 0.065453 -0.981297 -5.812135 0.003508 0.997734 0.067196 -62.187462 0.983471 -0.015607 0.180393 -73.953344
0.176521 0.067999 -0.981945 -5.851470 0.003433 0.997562 0.069698 -62.322777 0.984291 -0.015674 0.175857 -74.529476
0.177641 0.069069 -0.981668 -5.899396 0.003528 0.997483 0.070820 -62.422483 0.984089 -0.016044 0.176951 -75.073888
0.177796 0.064686 -0.981939 -5.927078 0.011881 0.997623 0.067870 -62.536640 0.983996 -0.023734 0.176605 -75.635670
0.182884 0.065753 -0.980933 -5.973988 0.011426 0.997551 0.068998 -62.639099 0.983068 -0.023827 0.181685 -76.182040
0.192070 0.061895 -0.979427 -6.002014 0.018741 0.997596 0.066718 -62.766865 0.981202 -0.031170 0.190449 -76.739317
0.199256 0.062921 -0.977925 -6.047562 0.018092 0.997530 0.067869 -62.879617 0.979781 -0.031216 0.197625 -77.285213
0.207126 0.062025 -0.976346 -6.082445 0.013624 0.997709 0.066272 -63.033164 0.978219 -0.027028 0.205807 -77.867731
0.211842 0.063055 -0.975268 -6.129862 0.013085 0.997644 0.067344 -63.172729 0.977216 -0.027028 0.210518 -78.443998
0.218707 0.060837 -0.973892 -6.161599 0.013595 0.997768 0.065381 -63.340813 0.975696 -0.027539 0.217391 -79.056718
0.224279 0.062157 -0.972541 -6.209274 0.012735 0.997692 0.066701 -63.496232 0.974442 -0.027345 0.222970 -79.649377
0.240644 0.059601 -0.968782 -6.234488 0.010832 0.997886 0.064082 -63.672425 0.970553 -0.025915 0.239490 -80.239680
0.248544 0.061198 -0.966685 -6.281897 0.009519 0.997800 0.065616 -63.836278 0.968574 -0.025510 0.247414 -80.849680
0.266575 0.063269 -0.961735 -6.316397 0.002921 0.997785 0.066451 -64.031784 0.963810 -0.020524 0.265800 -81.442675
0.276294 0.064906 -0.958879 -6.365351 0.001301 0.997691 0.067908 -64.210083 0.961072 -0.020010 0.275571 -82.054213
0.289733 0.068466 -0.954656 -6.393963 -0.005567 0.997542 0.069852 -64.410537 0.957091 -0.014924 0.289402 -82.628928
0.299207 0.070091 -0.951610 -6.443114 -0.007281 0.997437 0.071178 -64.593842 0.954160 -0.014369 0.298951 -83.224251
0.311307 0.071437 -0.947621 -6.499820 -0.009103 0.997349 0.072195 -64.822740 0.950266 -0.013849 0.311132 -83.910165
0.323189 0.072490 -0.943554 -6.553303 -0.010628 0.997277 0.072977 -65.056700 0.946275 -0.013557 0.323079 -84.546134
0.337855 0.070623 -0.938545 -6.581289 -0.014621 0.997454 0.069792 -65.388367 0.941085 -0.009857 0.338028 -85.251062
0.347112 0.071373 -0.935104 -6.636419 -0.015644 0.997402 0.070321 -65.671127 0.937693 -0.009781 0.347327 -85.924215
0.353813 0.058198 -0.933504 -6.652979 -0.009053 0.998229 0.058802 -65.967746 0.935272 -0.012354 0.353713 -86.646101
0.362488 0.058548 -0.930148 -6.701592 -0.009193 0.998201 0.059249 -66.244112 0.931943 -0.012926 0.362374 -87.342494
0.372467 0.048963 -0.926753 -6.723454 -0.004256 0.998687 0.051053 -66.518763 0.928036 -0.015071 0.372186 -88.084590
0.380020 0.048736 -0.923694 -6.766499 -0.003442 0.998679 0.051276 -66.794295 0.924972 -0.016306 0.379685 -88.782985
0.388478 0.040167 -0.920582 -6.791548 0.008974 0.998837 0.047369 -67.080856 0.921414 -0.026663 0.387666 -89.493174
0.395650 0.040428 -0.917511 -6.833463 0.009950 0.998783 0.048300 -67.397033 0.918347 -0.028239 0.394767 -90.207306
0.404006 0.040922 -0.913840 -6.874652 0.010921 0.998712 0.049551 -67.704383 0.914691 -0.029999 0.403039 -90.898177
0.410252 0.027401 -0.911560 -6.885115 0.025971 0.998792 0.041711 -68.021626 0.911602 -0.040787 0.409045 -91.627093
0.416309 0.028195 -0.908786 -6.921367 0.026472 0.998719 0.043113 -68.330546 0.908838 -0.042006 0.415029 -92.319199
0.419994 0.029149 -0.907059 -6.960303 0.026806 0.998649 0.044504 -68.668797 0.907131 -0.043006 0.418646 -93.010372
0.421128 0.041420 -0.906055 -7.046019 0.029026 0.997830 0.059107 -68.994809 0.906537 -0.051191 0.419012 -93.716978
0.424900 0.042620 -0.904236 -7.094118 0.029025 0.997736 0.060666 -69.296135 0.904775 -0.052023 0.422701 -94.362128
0.427172 0.047278 -0.902933 -7.133227 0.015770 0.998091 0.059721 -69.651842 0.904033 -0.039751 0.425611 -95.006569
0.430053 0.048613 -0.901494 -7.183530 0.015459 0.998006 0.061193 -69.966423 0.902671 -0.040252 0.428444 -95.670229
0.433549 0.049848 -0.899750 -7.234635 0.015115 0.997926 0.062571 -70.277220 0.901003 -0.040727 0.431897 -96.328555
0.437119 0.055616 -0.897682 -7.305573 0.010425 0.997706 0.066889 -70.615140 0.899343 -0.038597 0.435536 -96.975442
0.440684 0.056600 -0.895876 -7.359538 0.009974 0.997640 0.067935 -70.927549 0.897607 -0.038874 0.439079 -97.599042
0.444191 0.057657 -0.894075 -7.414368 0.009419 0.997571 0.069011 -71.241840 0.895882 -0.039075 0.442570 -98.221121
0.447714 0.049681 -0.892795 -7.447102 0.006998 0.998230 0.059057 -71.620228 0.894149 -0.032688 0.446574 -98.825557
0.449753 0.050769 -0.891709 -7.494353 0.006632 0.998166 0.060176 -71.919974 0.893129 -0.032978 0.448591 -99.428776
0.451786 0.050409 -0.890701 -7.537344 0.003965 0.998279 0.058508 -72.239113 0.892117 -0.029964 0.450809 -99.997379
0.452962 0.051303 -0.890052 -7.584609 0.003758 0.998224 0.059451 -72.544111 0.891522 -0.030274 0.451965 -100.592126
0.452875 0.048660 -0.890245 -7.631780 0.007246 0.998276 0.058251 -72.874016 0.891545 -0.032831 0.451741 -101.174535
0.454038 0.049665 -0.889597 -7.675190 0.007010 0.998215 0.059307 -73.151798 0.890955 -0.033164 0.452880 -101.710679
0.457125 0.047438 -0.888136 -7.711732 0.008049 0.998315 0.057466 -73.436399 0.889366 -0.033418 0.455973 -102.259427
0.459718 0.048507 -0.886739 -7.754526 0.007785 0.998249 0.058642 -73.727295 0.888031 -0.033862 0.458536 -102.793989
0.462588 0.049407 -0.885195 -7.797756 0.007678 0.998185 0.059726 -73.999870 0.886540 -0.034425 0.461370 -103.331608
0.467218 0.049458 -0.882758 -7.837604 0.008689 0.998129 0.060520 -74.284594 0.884099 -0.035946 0.465914 -103.838260
0.469897 0.050494 -0.881276 -7.881794 0.008457 0.998059 0.061694 -74.567061 0.882681 -0.036443 0.468558 -104.370031
0.473830 0.051550 -0.879106 -7.925304 0.008111 0.997987 0.062893 -74.850221 0.880579 -0.036931 0.472458 -104.880189
0.479877 0.045197 -0.876171 -7.961107 0.017237 0.997994 0.060922 -75.164994 0.877166 -0.044337 0.478136 -105.413254
0.484141 0.046176 -0.873771 -8.002422 0.016986 0.997922 0.062148 -75.439170 0.874825 -0.044930 0.482350 -105.903455
0.488769 0.047050 -0.871143 -8.044619 0.016818 0.997851 0.063329 -75.711860 0.872251 -0.045604 0.486928 -106.392077
0.492815 0.045109 -0.868964 -8.081782 0.018335 0.997895 0.062200 -75.993300 0.869941 -0.046586 0.490951 -106.861652
0.498284 0.046361 -0.865773 -8.123717 0.017931 0.997805 0.063751 -76.267514 0.866828 -0.047290 0.496359 -107.345319
0.503859 0.047999 -0.862451 -8.166281 0.017224 0.997698 0.065588 -76.545552 0.863614 -0.047902 0.501873 -107.827536
0.508828 0.050011 -0.859414 -8.208686 0.018161 0.997465 0.068797 -76.884862 0.860676 -0.050613 0.506631 -108.333529
0.514364 0.052081 -0.855989 -8.252878 0.017022 0.997338 0.070909 -77.166551 0.857403 -0.051044 0.512108 -108.801413
0.519133 0.063578 -0.852325 -8.303646 0.008560 0.996793 0.079568 -77.509359 0.854650 -0.048602 0.516924 -109.234808
0.524258 0.065558 -0.849032 -8.353085 0.006935 0.996670 0.081240 -77.810275 0.851531 -0.048479 0.522058 -109.689724
0.529794 0.067347 -0.845448 -8.404043 0.004974 0.996578 0.082502 -78.137463 0.848112 -0.047914 0.527647 -110.137054
0.536169 0.075989 -0.840683 -8.452795 -0.004053 0.996160 0.087458 -78.488477 0.844101 -0.043485 0.534418 -110.612035
0.541757 0.077527 -0.836952 -8.507652 -0.006417 0.996090 0.088114 -78.812026 0.840511 -0.042366 0.540136 -111.070977
0.547563 0.079199 -0.833008 -8.565033 -0.008951 0.996008 0.088812 -79.141403 0.836717 -0.041174 0.546086 -111.554488
0.553942 0.081006 -0.828605 -8.622329 -0.011678 0.995913 0.089555 -79.482874 0.832473 -0.039932 0.552625 -112.029309
0.561697 0.070962 -0.824294 -8.605269 -0.028539 0.997384 0.066416 -79.942550 0.826850 -0.013782 0.562253 -112.695649
0.566460 0.072822 -0.820865 -8.653155 -0.031068 0.997267 0.067032 -80.321334 0.823503 -0.012468 0.567175 -113.210472
0.573961 0.074779 -0.815461 -8.703630 -0.033898 0.997138 0.067580 -80.715589 0.818181 -0.011146 0.574853 -113.764178
0.579113 0.076720 -0.811630 -8.754854 -0.036608 0.997005 0.068122 -81.134003 0.814425 -0.009738 0.580187 -114.313695
0.585775 0.080250 -0.806491 -8.794641 -0.044176 0.996768 0.067097 -81.683376 0.809269 -0.003676 0.587427 -114.985231
0.592453 0.081943 -0.801427 -8.845712 -0.046771 0.996634 0.067327 -82.115281 0.804246 -0.002405 0.594291 -115.540454
0.600068 0.083630 -0.795566 -8.895850 -0.049428 0.996496 0.067470 -82.540309 0.798421 -0.001163 0.602099 -116.083336
0.610931 0.081643 -0.787463 -8.904448 -0.052814 0.996656 0.062357 -83.012341 0.789921 0.003494 0.613199 -116.624628
0.619681 0.083444 -0.780405 -8.952405 -0.055535 0.996502 0.062453 -83.480965 0.782887 0.004639 0.622147 -117.182701
0.626161 0.085270 -0.775017 -9.003132 -0.058054 0.996341 0.062717 -83.989850 0.777529 0.005722 0.628821 -117.768111
0.633695 0.081696 -0.769257 -9.044463 -0.056506 0.996640 0.059295 -84.527548 0.771516 0.005893 0.636182 -118.370526
0.639821 0.083327 -0.763993 -9.090744 -0.058673 0.996500 0.059549 -85.027568 0.766281 0.006724 0.642470 -118.923909
0.643210 0.084854 -0.760974 -9.142121 -0.060382 0.996367 0.060064 -85.567718 0.763306 0.007316 0.645996 -119.527824
0.645527 0.081700 -0.759355 -9.173095 -0.058349 0.996632 0.057626 -86.147710 0.761505 0.007108 0.648120 -120.203188
0.648693 0.082706 -0.756543 -9.222393 -0.059243 0.996549 0.058147 -86.674288 0.758741 0.007100 0.651354 -120.802233
0.650976 0.083421 -0.754501 -9.271964 -0.059701 0.996491 0.058667 -87.214817 0.756747 0.006853 0.653672 -121.397827
0.650472 0.077100 -0.755607 -9.313436 -0.052140 0.997020 0.056848 -87.754464 0.757738 0.002419 0.652554 -122.076113
0.654227 0.077561 -0.752310 -9.364394 -0.052511 0.996985 0.057122 -88.304921 0.754473 0.002134 0.656328 -122.707036
0.657726 0.078221 -0.749185 -9.415442 -0.052996 0.996934 0.057562 -88.866326 0.751390 0.001844 0.659855 -123.331181
0.666611 0.054981 -0.743375 -9.443805 -0.027560 0.998412 0.049129 -89.510914 0.744896 -0.012263 0.667068 -124.033545
0.668826 0.056236 -0.741289 -9.489263 -0.028527 0.998342 0.049999 -90.112426 0.742871 -0.012294 0.669322 -124.658846
0.670641 0.057231 -0.739571 -9.536070 -0.029383 0.998286 0.050607 -90.715859 0.741200 -0.012208 0.671173 -125.284541
0.670956 0.056777 -0.739320 -9.586287 -0.029523 0.998319 0.049873 -91.369004 0.740909 -0.011636 0.671505 -125.904386
0.672825 0.057409 -0.737571 -9.632744 -0.030392 0.998288 0.049978 -91.997401 0.739177 -0.011210 0.673418 -126.520196
0.677205 0.057902 -0.733513 -9.681198 -0.031286 0.998263 0.049916 -92.613619 0.735129 -0.010855 0.677840 -127.174427
0.683777 0.056420 -0.727507 -9.687259 -0.042335 0.998394 0.037638 -93.277312 0.728462 0.005063 0.685067 -127.890938
0.687817 0.056748 -0.723662 -9.725280 -0.042306 0.998379 0.038080 -93.894747 0.724650 0.004424 0.689103 -128.541232
0.692205 0.057302 -0.719423 -9.762724 -0.042071 0.998352 0.039040 -94.502000 0.720474 0.003243 0.693475 -129.178672
0.700789 0.045920 -0.711889 -9.765368 -0.035495 0.998935 0.029494 -95.105514 0.712485 0.004599 0.701672 -129.868437
0.705322 0.046253 -0.707376 -9.794200 -0.034920 0.998925 0.030499 -95.736923 0.708026 0.003190 0.706179 -130.488228
0.711295 0.046411 -0.701360 -9.824438 -0.034260 0.998921 0.031357 -96.357702 0.702058 0.001724 0.712118 -131.112234
0.717383 0.046437 -0.695129 -9.854429 -0.033394 0.998921 0.032269 -96.998837 0.695878 0.000064 0.718160 -131.712392
0.726639 0.041906 -0.685741 -9.980967 -0.011167 0.998727 0.049200 -97.681673 0.686929 -0.028092 0.726181 -132.387056
0.731116 0.042207 -0.680947 -10.027496 -0.010403 0.998658 0.050729 -98.330812 0.682174 -0.030005 0.730574 -132.978724
0.734482 0.042294 -0.677309 -10.077197 -0.009377 0.998593 0.052188 -99.005729 0.678564 -0.031980 0.733845 -133.582361
0.737264 0.041952 -0.674301 -10.128849 -0.008047 0.998545 0.053326 -99.666435 0.675557 -0.033889 0.736528 -134.195548
0.738107 0.030478 -0.673995 -10.161325 0.003638 0.998785 0.049149 -100.497407 0.674674 -0.038729 0.737099 -134.890441
0.739039 0.029805 -0.673003 -10.212685 0.005181 0.998740 0.049920 -101.185706 0.673643 -0.040380 0.737953 -135.509261
0.739685 0.029185 -0.672320 -10.263638 0.006558 0.998699 0.050568 -101.853605 0.672921 -0.041814 0.738532 -136.115184
0.737116 0.017802 -0.675531 -10.289907 0.012246 0.999137 0.039692 -102.590329 0.675655 -0.037530 0.736262 -136.809542
0.736806 0.017558 -0.675876 -10.335091 0.013115 0.999103 0.040252 -103.293100 0.675977 -0.038522 0.735915 -137.435857
0.736219 0.017465 -0.676518 -10.379841 0.013753 0.999074 0.040758 -103.981886 0.676604 -0.039311 0.735297 -138.026119
0.733480 0.013582 -0.679575 -10.415597 0.014214 0.999275 0.035313 -104.729947 0.679562 -0.035561 0.732756 -138.663705
0.732121 0.013648 -0.681038 -10.457756 0.014586 0.999256 0.035705 -105.436265 0.681019 -0.036074 0.731377 -139.297077
0.731946 0.013817 -0.681222 -10.498475 0.014707 0.999241 0.036069 -106.117818 0.681203 -0.036419 0.731188 -139.895630
0.732393 0.013876 -0.680741 -10.538551 0.014697 0.999237 0.036181 -106.768632 0.680723 -0.036504 0.731631 -140.493888
0.726299 0.024938 -0.686926 -10.598455 0.000733 0.999313 0.037054 -107.516617 0.687379 -0.027416 0.725782 -141.184341
0.722869 0.024950 -0.690534 -10.642906 0.000956 0.999311 0.037108 -108.205490 0.690984 -0.027484 0.722347 -141.817547
0.721157 0.025165 -0.692314 -10.686604 0.001100 0.999297 0.037470 -108.873708 0.692771 -0.027783 0.720623 -142.448495
0.714579 0.026802 -0.699041 -10.708540 -0.006329 0.999473 0.031851 -109.546807 0.699526 -0.018336 0.714371 -143.083365
0.712730 0.027908 -0.700883 -10.747787 -0.006756 0.999435 0.032925 -110.214488 0.701405 -0.018731 0.712516 -143.722783
0.698837 0.039755 -0.714175 -10.856721 -0.014561 0.999038 0.041363 -111.089303 0.715132 -0.018507 0.698744 -144.520873
0.696205 0.038103 -0.716831 -10.917109 -0.017667 0.999197 0.035954 -111.711100 0.717626 -0.012367 0.696319 -145.188403
0.692585 0.036963 -0.720388 -10.970914 -0.020592 0.999292 0.031476 -112.361259 0.721042 -0.006966 0.692856 -145.835935
0.689684 0.035890 -0.723221 -11.019315 -0.023334 0.999354 0.027342 -112.981507 0.723735 -0.001981 0.690075 -146.472961
0.686281 0.034959 -0.726496 -11.063605 -0.025789 0.999386 0.023729 -113.604819 0.726879 0.002451 0.686761 -147.109544
0.684399 0.032150 -0.728399 -11.109345 -0.027204 0.999458 0.018554 -114.729875 0.728600 0.007117 0.684902 -148.231000
0.680359 0.031624 -0.732197 -11.145509 -0.029196 0.999445 0.016038 -115.356000 0.732297 0.010466 0.680904 -148.886954
0.677071 0.032672 -0.735192 -11.174610 -0.031311 0.999388 0.015578 -115.967798 0.735251 0.012472 0.677680 -149.532402
0.674933 0.034919 -0.737052 -11.245238 -0.014317 0.999311 0.034233 -116.565794 0.737740 -0.012553 0.674968 -150.174451
0.672035 0.036057 -0.739641 -11.289628 -0.016309 0.999292 0.033897 -117.157333 0.740340 -0.010717 0.672148 -150.820651
0.668049 0.038029 -0.743145 -11.335118 -0.012658 0.999129 0.039750 -117.738381 0.744010 -0.017149 0.667949 -151.445749
0.664176 0.039537 -0.746530 -11.384704 -0.014859 0.999101 0.039694 -118.337829 0.747429 -0.015271 0.664167 -152.093815
0.656801 0.040420 -0.752980 -11.435316 -0.014637 0.999058 0.040862 -118.970485 0.753922 -0.015817 0.656774 -152.791823
0.652118 0.042210 -0.756942 -11.484916 -0.016731 0.999007 0.041294 -119.541605 0.757933 -0.014264 0.652177 -153.444106
0.647977 0.043428 -0.760421 -11.536500 -0.018642 0.998978 0.041167 -120.141135 0.761432 -0.012500 0.648124 -154.138306
0.639844 0.049373 -0.766917 -11.602796 -0.021399 0.998692 0.046442 -120.754415 0.768207 -0.013304 0.640063 -154.887439
0.636424 0.050292 -0.769698 -11.656808 -0.023452 0.998672 0.045862 -121.336713 0.770983 -0.011137 0.636759 -155.566924
0.632911 0.051366 -0.772518 -11.711129 -0.025855 0.998642 0.045219 -121.911771 0.773792 -0.008646 0.633380 -156.250799
0.628310 0.052420 -0.776195 -11.767680 -0.028512 0.998609 0.044360 -122.517827 0.777441 -0.005741 0.628930 -156.949135
0.614156 0.046083 -0.787838 -11.763323 -0.030845 0.998933 0.034385 -123.167661 0.788582 0.003183 0.614922 -157.744342
0.609640 0.047626 -0.791246 -11.813216 -0.033557 0.998849 0.034266 -123.754567 0.791968 0.005662 0.610537 -158.460228
0.603027 0.049122 -0.796207 -11.862895 -0.035882 0.998762 0.034442 -124.345161 0.796913 0.007800 0.604043 -159.173083
0.583341 0.043702 -0.811051 -11.885991 -0.026301 0.999044 0.034914 -124.872194 0.811801 0.000965 0.583933 -160.032097
0.574919 0.044873 -0.816979 -11.938523 -0.028237 0.998988 0.034999 -125.456691 0.817723 0.002947 0.575604 -160.794919
0.566665 0.051784 -0.822319 -12.027196 -0.022151 0.998620 0.047622 -125.938931 0.823650 -0.008771 0.567030 -161.612356
0.558439 0.052514 -0.827882 -12.086681 -0.023517 0.998595 0.047479 -126.480540 0.829212 -0.007045 0.558889 -162.335950
0.553043 0.053123 -0.831457 -12.145513 -0.024839 0.998573 0.047279 -126.953042 0.832782 -0.005494 0.553573 -163.071114
0.547374 0.053497 -0.835176 -12.204414 -0.025943 0.998560 0.046959 -127.445939 0.836486 -0.004037 0.547974 -163.806195
0.541192 0.040804 -0.839908 -12.187310 -0.014464 0.999126 0.039220 -127.934034 0.840775 -0.009077 0.541309 -164.593459
0.537657 0.041071 -0.842162 -12.237912 -0.015667 0.999127 0.038724 -128.409236 0.843018 -0.007626 0.537832 -165.319121
0.533978 0.041441 -0.844482 -12.287034 -0.016894 0.999122 0.038348 -128.903098 0.845330 -0.006210 0.534209 -166.021221
